0  1192 1232 1272 1309 1344 1376 1406 1434 1460 1485 1508 1529 1549 1567 1584 1600 1615 1629 1642 1654 1665 1676 1686 1695 1704 1712 1720 1727
1  70 90 71 91 72 92 73 93 74 94 75 95 76 96 77 97 78 98 79 99 80 100 81 101 82 102 83 103
4  26 11 27 7 28 3 30 313 309 3 36 312 1 40 309 6 36 1 39 310 5 37 314 2 42 310 8 37
5  20 4 17 225 208 5 17 226 207 6 15 228 205 9 12 2 7 224 196 6 2 230 188 14 221 205 0 14
6  8 7 2 2 196 182 1 199 181 5 197 185 2 2 196 182 1 199 181 5 197 185 2 2 196 182 1 199
10  26 26 32 35 38 41 43 45 47 49 50 51 52 53 54 55 56 56 57 57 58 58 58 58 58 58 58 58
11  27 27 33 33 37 38 41 42 44 45 46 47 48 49 50 50 51 51 52 52 53 53 54 54 54 54 54 54
13  40 21 40 24 40 26 40 28 40 30 40 32 40 33 40 34 40 35 41 36 41 37 42 38 42 39 43 40
15  28 29 31 32 34 35 36 37 38 39 39 40 40 41 41 42 42 42 42 42 42 42 42 42 42 42 42 42
18  7 5 7 5 7 5 7 5 7 5 7 5 7 5 7 5 7 5 7 5 7 5 7 5 7 5 7 5
19  16 9 17 15 19 19 22 22 24 25 26 27 28 29 30 31 31 32 32 33 33 34 34 35 35 36 36 36
21  48 25 52 21 58 15 66 7 77 106 78 6 92 103 97 0 5 107 100 5 8 1 6 108 101 6 9 3
22  30 31 33 34 36 37 38 38 39 39 39 39 39 39 39 39 39 39 39 39 39 39 39 39 39 39 39 39
24  10 21 14 21 17 21 19 21 20 22 21 23 22 23 23 24 24 25 25 25 25 25 25 25 25 25 25 25
25  12 6 12 7 12 8 12 9 12 10 12 10 12 10 12 10 12 10 12 10 12 10 12 10 12 10 12 10
38  30 31 30 30 30 30 30 30 30 30 30 30 30 30 30 30 30 30 30 30 30 30 30 30 30 30 30 30
39  61 49 60 50 59 51 58 52 58 53 58 54 58 55 58 56 58 56 58 56 58 56 58 56 58 56 58 56
43  40 54 41 45 39 40 37 37 35 34 33 32 32 31 31 30 30 29 29 29 29 29 29 29 29 29 29 29
45  11 11 14 15 17 18 19 20 21 21 22 22 23 23 23 23 23 23 23 23 23 23 23 23 23 23 23 23
47  41 2 57 107 52 20 69 5 100 99 122 114 26 38 23 46 16 61 1 88 96 104 114 124 11 58 120 50
50  16 16 17 17 18 18 19 19 20 20 20 20 20 20 20 20 20 20 20 20 20 20 20 20 20 20 20 20
52  4 12 1 11 85 3 11 88 3 15 87 8 13 6 12 3 11 88 3 15 87 8 13 6 12 3 11 88
57  37 35 32 30 28 26 25 24 23 22 22 21 21 21 21 21 21 21 21 21 21 21 21 21 21 21 21 21
73  6 5 6 6 6 6 6 6 6 6 6 6 6 6 6 6 6 6 6 6 6 6 6 6 6 6 6 6
75  3 14 4 13 5 13 6 13 6 13 6 13 6 13 6 13 6 13 6 13 6 13 6 13 6 13 6 13
76  17 15 16 16 16 16 16 16 16 16 16 16 16 16 16 16 16 16 16 16 16 16 16 16 16 16 16 16
77  25 26 24 24 23 23 22 22 21 21 21 21 21 21 21 21 21 21 21 21 21 21 21 21 21 21 21 21
82  13 17 16 17 17 17 17 17 17 17 17 17 17 17 17 17 17 17 17 17 17 17 17 17 17 17 17 17
84  11 12 12 13 13 14 14 15 15 15 15 15 15 15 15 15 15 15 15 15 15 15 15 15 15 15 15 15
87  18 18 18 18 18 18 18 18 18 18 18 18 18 18 18 18 18 18 18 18 18 18 18 18 18 18 18 18
88  25 18 23 18 22 18 21 18 20 18 19 18 19 18 19 18 19 18 19 18 19 18 19 18 19 18 19 18
89  7 8 9 10 11 11 12 12 13 13 14 14 14 14 14 14 14 14 14 14 14 14 14 14 14 14 14 14
104  10 15 12 14 13 14 14 14 14 14 14 14 14 14 14 14 14 14 14 14 14 14 14 14 14 14 14 14
105  28 28 25 24 22 21 20 19 18 18 17 17 16 16 16 16 16 16 16 16 16 16 16 16 16 16 16 16
107  6 12 8 12 10 12 11 12 12 13 13 13 13 13 13 13 13 13 13 13 13 13 13 13 13 13 13 13
109  12 11 13 13 14 14 14 14 14 14 14 14 14 14 14 14 14 14 14 14 14 14 14 14 14 14 14 14
121  9 8 10 9 10 10 11 11 12 12 12 12 12 12 12 12 12 12 12 12 12 12 12 12 12 12 12 12
122  0 2 0 2 0 2 0 2 0 2 0 2 0 2 0 2 0 2 0 2 0 2 0 2 0 2 0 2
125  9 10 11 12 12 13 13 13 13 13 13 13 13 13 13 13 13 13 13 13 13 13 13 13 13 13 13 13
129  26 23 22 21 20 19 18 17 17 16 16 15 15 15 15 15 15 15 15 15 15 15 15 15 15 15 15 15
136  8 10 8 10 8 10 8 10 8 10 8 10 8 10 8 10 8 10 8 10 8 10 8 10 8 10 8 10
138  5 7 7 8 9 9 10 10 11 11 12 12 12 12 12 12 12 12 12 12 12 12 12 12 12 12 12 12
139  8 9 9 9 9 9 9 9 9 9 9 9 9 9 9 9 9 9 9 9 9 9 9 9 9 9 9 9
150  23 4 22 5 21 6 20 7 19 8 18 9 18 10 18 11 18 12 18 12 18 12 18 12 18 12 18 12
153  24 6 12 29 10 23 6 9 29 3 24 20 10 2 9 20 5 2 28 17 20 23 30 6 26 27 13 18
156  2 39 32 3 1 2 39 32 3 1 2 39 32 3 1 2 39 32 3 1 2 39 32 3 1 2 39 32
158  21 35 21 37 21 39 21 41 21 2 22 2 24 1 26 0 28 40 29 1 31 0 33 40 34 1 36 41
163  39 38 3 7 1 7 38 1 8 37 2 6 39 38 3 7 1 7 38 1 8 37 2 6 39 38 3 7
167  7 3 7 2 7 1 7 33 6 3 5 2 4 1 3 33 1 3 33 1 3 33 1 3 33 1 3 33
170  49 44 1 50 45 2 1 2 0 2 49 47 1 3 0 3 49 48 1 5 0 5 49 0 6 49 1 6
181  11 9 11 10 11 11 11 11 11 11 11 11 11 11 11 11 11 11 11 11 11 11 11 11 11 11 11 11
196  7 8 9 9 9 9 9 9 9 9 9 9 9 9 9 9 9 9 9 9 9 9 9 9 9 9 9 9
216  22 21 23 22 24 23 25 24 26 25 27 26 28 27 29 28 30 29 31 30 32 31 0 2 33 32 1 3
223  4 2 4 2 4 2 4 2 4 2 4 2 4 2 4 2 4 2 4 2 4 2 4 2 4 2 4 2
235  14 12 15 12 16 12 18 12 20 12 23 11 26 9 1 10 28 8 4 9 3 10 2 12 0 14 26 13
237  13 14 13 13 13 13 13 13 13 13 13 13 13 13 13 13 13 13 13 13 13 13 13 13 13 13 13 13
238  11 17 11 16 11 16 11 16 11 16 11 16 11 16 11 16 11 16 11 16 11 16 11 16 11 16 11 16
263  5 6 5 6 5 6 5 6 5 6 5 6 5 6 5 6 5 6 5 6 5 6 5 6 5 6 5 6
274  7 6 7 7 7 7 7 7 7 7 7 7 7 7 7 7 7 7 7 7 7 7 7 7 7 7 7 7
276  9 7 9 8 9 8 9 8 9 8 9 8 9 8 9 8 9 8 9 8 9 8 9 8 9 8 9 8
278  6 4 6 4 6 4 6 4 6 4 6 4 6 4 6 4 6 4 6 4 6 4 6 4 6 4 6 4
290  4 3 5 5 6 6 7 7 7 7 7 7 7 7 7 7 7 7 7 7 7 7 7 7 7 7 7 7
296  21 12 18 13 16 13 14 12 13 12 12 11 11 11 11 11 11 11 11 11 11 11 11 11 11 11 11 11
307  8 9 8 9 8 9 8 9 8 9 8 9 8 9 8 9 8 9 8 9 8 9 8 9 8 9 8 9
330  8 7 8 7 8 7 8 7 8 7 8 7 8 7 8 7 8 7 8 7 8 7 8 7 8 7 8 7
333  3 3 4 5 5 6 6 6 6 6 6 6 6 6 6 6 6 6 6 6 6 6 6 6 6 6 6 6
338  13 13 12 12 11 11 11 11 11 11 11 11 11 11 11 11 11 11 11 11 11 11 11 11 11 11 11 11
341  6 3 6 4 6 4 6 4 6 4 6 4 6 4 6 4 6 4 6 4 6 4 6 4 6 4 6 4
343  8 11 8 11 8 11 8 11 8 11 8 11 8 11 8 11 8 11 8 11 8 11 8 11 8 11 8 11
361  6 7 6 7 6 7 6 7 6 7 6 7 6 7 6 7 6 7 6 7 6 7 6 7 6 7 6 7
372  5 1 5 1 5 1 5 1 5 1 5 1 5 1 5 1 5 1 5 1 5 1 5 1 5 1 5 1
378  26 10 0 10 26 10 0 10 26 10 0 10 26 10 0 10 26 10 0 10 26 10 0 10 26 10 0 10
384  3 3 4 4 4 4 4 4 4 4 4 4 4 4 4 4 4 4 4 4 4 4 4 4 4 4 4 4
415  4 10 5 9 6 8 6 8 6 8 6 8 6 8 6 8 6 8 6 8 6 8 6 8 6 8 6 8
430  5 4 5 6 5 5 5 5 5 5 5 5 5 5 5 5 5 5 5 5 5 5 5 5 5 5 5 5
431  6 1 6 1 6 1 6 1 6 1 6 1 6 1 6 1 6 1 6 1 6 1 6 1 6 1 6 1
442  8 5 7 6 7 6 7 6 7 6 7 6 7 6 7 6 7 6 7 6 7 6 7 6 7 6 7 6
455  1 1 1 1 1 1 1 1 1 1 1 1 1 1 1 1 1 1 1 1 1 1 1 1 1 1 1 1
475  4 2 4 3 4 3 4 3 4 3 4 3 4 3 4 3 4 3 4 3 4 3 4 3 4 3 4 3
486  3 16 3 1 3 1 3 1 3 1 3 1 3 1 3 1 3 1 3 1 3 1 3 1 3 1 3 1
499  2 5 3 5 3 5 3 5 3 5 3 5 3 5 3 5 3 5 3 5 3 5 3 5 3 5 3 5
506  10 14 10 6 11 15 4 2 11 4 7 10 10 10 10 10 10 10 10 10 10 10 10 10 10 10 10 10
511  4 4 5 5 5 5 5 5 5 5 5 5 5 5 5 5 5 5 5 5 5 5 5 5 5 5 5 5
515  5 5 5 5 5 5 5 5 5 5 5 5 5 5 5 5 5 5 5 5 5 5 5 5 5 5 5 5
538  10 0 5 6 5 8 5 13 5 12 5 9 5 2 6 11 7 7 10 10 4 5 3 6 0 8 6 13
596  4 5 4 5 4 5 4 5 4 5 4 5 4 5 4 5 4 5 4 5 4 5 4 5 4 5 4 5
610  16 1 2 1 2 1 2 1 2 1 2 1 2 1 2 1 2 1 2 1 2 1 2 1 2 1 2 1
650  4 4 4 4 4 4 4 4 4 4 4 4 4 4 4 4 4 4 4 4 4 4 4 4 4 4 4 4
661  5 4 5 4 5 4 5 4 5 4 5 4 5 4 5 4 5 4 5 4 5 4 5 4 5 4 5 4
669  1 12 1 0 1 12 1 0 1 12 1 0 1 12 1 0 1 12 1 0 1 12 1 0 1 12 1 0
672  2 3 3 3 3 3 3 3 3 3 3 3 3 3 3 3 3 3 3 3 3 3 3 3 3 3 3 3
716  4 2 4 2 4 2 4 2 4 2 4 2 4 2 4 2 4 2 4 2 4 2 4 2 4 2 4 2
720  4 4 4 4 4 4 4 4 4 4 4 4 4 4 4 4 4 4 4 4 4 4 4 4 4 4 4 4
801  5 6 3 1 4 7 4 1 3 6 5 2 2 5 6 3 1 4 7 4 1 3 6 5 2 2 5 6
829  1 1 1 1 1 1 1 1 1 1 1 1 1 1 1 1 1 1 1 1 1 1 1 1 1 1 1 1
848  3 4 3 4 3 4 3 4 3 4 3 4 3 4 3 4 3 4 3 4 3 4 3 4 3 4 3 4
865  6 4 6 4 6 4 6 4 6 4 6 4 6 4 6 4 6 4 6 4 6 4 6 4 6 4 6 4
922  5 6 5 6 5 6 5 6 5 6 5 6 5 6 5 6 5 6 5 6 5 6 5 6 5 6 5 6
949  1 1 1 1 1 1 1 1 1 1 1 1 1 1 1 1 1 1 1 1 1 1 1 1 1 1 1 1
962  11 10 1 11 0 1 11 0 1 11 0 1 11 0 1 11 0 1 11 0 1 11 0 1 11 0 1 11
964  4 5 4 5 4 5 4 5 4 5 4 5 4 5 4 5 4 5 4 5 4 5 4 5 4 5 4 5
